-0.008952073942280609 2.1309784247761078e-17 5.448086228954261e-25 7.92405959867008e-15
-0.008952005300015387 6.738745754430355e-17 3.473863257752586e-24 2.50580766467172e-14
-0.008951866892294519 2.1309786989721346e-16 2.2150394517305045e-23 7.92405959867008e-14
-0.008951587812124233 6.738747502786545e-16 1.4123756200745716e-22 2.50580766467172e-13
-0.008951025085399715 2.1309798137765073e-15 9.00573075853157e-22 7.92405959867008e-13
-0.008949890424948443 6.738754611113702e-15 5.7423241623839134e-21 2.50580766467172e-12
-0.008947602541364104 2.1309843462592045e-14 3.661478193167158e-20 7.92405959867008e-12
-0.008942989353197445 6.7387835115834e-14 2.3346683642243086e-19 2.50580766467172e-11
-0.008933687555400124 2.1310027740658806e-13 1.4886546043293664e-18 7.92405959867008e-11
-0.008914932016437074 6.738901012808386e-13 9.492108450817612e-18 2.50580766467172e-10
-0.008886873753280275 1.6927106505572093e-12 4.178258144511058e-17 6.29410234040288e-10
-0.008840333082628887 4.252135469215325e-12 1.7583653235420775e-16 1.58104849886544e-09
-0.008766935989430489 1.068154906166081e-11 7.049684039336817e-16 3.97146890586824e-09
-0.008746466705126804 1.3446404737592074e-11 9.479490760130995e-16 4.99938025672213e-09
-0.00866326156290368 2.6826836503401634e-11 2.5866265907564137e-15 9.97366035816307e-09
-0.008553167471977936 5.354081241798644e-11 6.909086914543089e-15 1.99038194110668e-08
-0.008409822348177779 1.0685944571347329e-10 1.8133424043909074e-14 3.97209640718649e-08
-0.008225386917480842 2.1320921399032615e-10 4.693780935421395e-14 7.92418564452663e-08
-0.007989786106362216 4.2546335717366847e-10 1.2033671860550393e-13 1.58101406297455e-07
-0.007912993098129662 5.356491920521581e-10 1.575048303137947e-13 1.99033206564924e-07
-0.007714201732598743 8.492151563493775e-10 2.936316875499789e-13 3.15499695463202e-07
-0.007481710344075959 1.3458804966450885e-09 5.45985501282312e-13 4.99934080568851e-07
-0.007350965390825754 1.694740327460976e-09 7.44263497786288e-13 6.29458589212406e-07
-0.007261549248678822 1.964832830216347e-09 9.077527185400208e-13 7.29727457487442e-07
-0.007116304049049334 2.601275519148523e-09 1.2365336872884319e-12 9.65971146546113e-07
-0.006798692525971841 4.124014600037155e-09 2.2928146504823405e-12 1.53107000415745e-06
-0.006435084263536273 6.7509934985940344e-09 4.246754179666977e-12 2.50562661931723e-06
-0.006016219371919053 1.0703667074907449e-08 7.862623825003119e-12 3.97141379770464e-06
-0.005818339426807632 1.3012291217063084e-08 1.0205909238231928e-11 4.82727428613838e-06
-0.00556763870014916 1.6385078147262907e-08 1.3883064809760206e-11 6.07736284802167e-06
-0.005302996836410236 2.1374722031917497e-08 1.889048548510607e-11 7.92625465087822e-06
-0.0050209551942605995 2.691075024801057e-08 2.5686013183469616e-11 9.97703609874371e-06
-0.0047161776676490595 3.388787836922791e-08 3.4932977929518676e-11 1.25609035335829e-05
-0.004444123946377852 4.1054958728933214e-08 4.511725684085926e-11 1.5214353983086e-05
-0.004101366104409061 5.3726290511824225e-08 6.135802728177584e-11 1.99041938317933e-05
-0.003737181896797014 6.765044938228904e-08 8.342096071094552e-11 2.50558859045481e-05
-0.003418043969166873 8.167708450311667e-08 1.072323455638321e-10 3.02437264418389e-05
-0.0030115711488053203 1.0729386985025408e-07 1.4580642852006013e-10 3.97148963129425e-05
-0.0025780289905752035 1.351395593536943e-07 1.98277996503976e-10 5.00057205192782e-05
-0.002159063844676574 1.6628618509382155e-07 2.613664499370592e-10 6.15115619502737e-05
-0.002112428015722328 1.7696089745042845e-07 2.694778225213128e-10 6.54540322464242e-05
-0.0016315138047888582 2.2950479997371046e-07 3.664537880841665e-10 8.48543390899079e-05
-0.0012290638641513317 2.7583190897762435e-07 4.681163244734778e-10 0.000101951949234728
-0.0010443200852640396 2.9904577233591514e-07 5.212908780813622e-10 0.000110516834614163
-0.0008230304160145792 3.398915807049227e-07 5.930314622709826e-10 0.000125584418787288
-0.00026722546991473007 4.4264548619617277e-07 8.06270434874804e-10 0.000163471959083754
0.00022604687425705245 5.391565574064738e-07 1.0483498433337491e-09 0.000199040377780961
0.0007384897584918167 6.790889702600869e-07 1.3587450342245188e-09 0.000250584885047483
0.005228656430398067 0.00013066002272691922 2.675693763198107e-07 0.048
0.005708391753823868 0.0001393178337175597 3.325061082569475e-07 0.051173333333333335
0.00623543758307649 0.00014798000417080026 4.084446254076336e-07 0.05434666666666667
0.006809595256062543 0.0001566469455565178 4.961897218306527e-07 0.05752
0.007430538213922363 0.0001653190677178038 5.965233513395155e-07 0.060693333333333335
0.008097845197564261 0.00017399677796385647 7.102059724655637e-07 0.06386666666666667
0.008811024803315635 0.00018268048040770315 8.379777756693114e-07 0.06704
0.009569534414442213 0.00019137057549017787 9.80559907123588e-07 0.07021333333333334
0.010372795680032187 0.00020006745964666248 1.1386558287642266e-06 0.07338666666666667
0.011220205421391214 0.0002087715250839798 1.3129524041228345e-06 0.07656
0.012111144729727375 0.00021748315964262378 1.5041210612155705e-06 0.07973333333333332
0.013044985982060161 0.0002262027467253179 1.7128188809215255e-06 0.08290666666666666
0.014021098391579837 0.0002349306652771619 1.9396896454211683e-06 0.08607999999999999
0.015038852015185839 0.0002436672898058799 2.1853647507295365e-06 0.08925333333333332
0.016097621905392205 0.0002524129904331556 2.4504643282454916e-06 0.09242666666666666
0.01719678942296381 0.00026116813296988965 2.7355978067952365e-06 0.09559999999999999
0.01833574534939858 0.0002699330790097431 3.041365009763883e-06 0.09877333333333332
0.019513891033148496 0.0002787081860364041 3.368356845442725e-06 0.10194666666666666
0.02073063926441344 0.00028749380754098514 3.7171559645157953e-06 0.10511999999999999
0.02198541547648879 0.00029629029314660757 4.088337551106614e-06 0.10829333333333332
0.023277658053975886 0.00030509798873782766 4.4824698943031905e-06 0.11146666666666666
0.024606818887165555 0.0003139172365930203 4.900115048924791e-06 0.11463999999999999
0.02597236336374346 0.0003227483755181659 5.341829338461821e-06 0.11781333333333333
0.02737377042129595 0.00033159174098081317 5.808163876071734e-06 0.12098666666666667
0.02881053268627757 0.0003404476652432128 6.299665118043808e-06 0.12415999999999999
0.03028215626333445 0.0003493164774938116 6.81687530148195e-06 0.12733333333333333
0.031788160118111815 0.00035819850397645215 7.360332723630618e-06 0.13050666666666666
0.03332807630513049 0.00036709406811677366 7.930572306117153e-06 0.13368000000000002
0.034901449487004285 0.00037600349064537494 8.528125903288736e-06 0.13685333333333333
0.03650783636721034 0.00038492708971743305 9.153522553446977e-06 0.14002666666666666
0.038146805439228396 0.0003938651810285065 9.807288830079228e-06 0.1432
0.03981793666416314 0.00040281807792633616 1.0489949154216145e-05 0.14637333333333336
0.041520820751342655 0.000411786091518487 1.1202025925716256e-05 0.14954666666666666
0.04325505881911098 0.0004207695307757338 1.194403978295434e-05 0.15272
0.04502026222541529 0.0004297687026311048 1.2716509923588489e-05 0.15589333333333333
0.04681605158328772 0.00043878391207454316 1.3519954052667145e-05 0.15906666666666666
0.048642056714512986 0.0004478154622775615 1.4354888677894041e-05 0.16224
0.05049791579312694 0.0004568636545070846 1.5221829231924795e-05 0.16541333333333333
0.052383275420690274 0.000465928788550885 1.612129008273398e-05 0.16858666666666666
0.054297789716904646 0.00047501116245064794 1.705378475771907e-05 0.17176
0.056241119836273085 0.00048411107274668055 1.8019825816847087e-05 0.17493333333333333
0.05821293374448972 0.0004932288144742709 1.9019925079093327e-05 0.17810666666666664
0.06021290585999207 0.000502364681416141 2.00545935097889e-05 0.18128
0.06224071615580541 0.0005115189657858236 2.112434136871437e-05 0.18445333333333336
0.06429605026464891 0.0005206919586600824 2.222967809950026e-05 0.18762666666666666
0.06637859872118926 0.0005298839498423794 2.3371112317627177e-05 0.19079999999999997
0.0684880565852924 0.0005390952279482996 2.4549151744739e-05 0.19397333333333333
0.07062412325488326 0.000548326080449383 2.5764303270079e-05 0.1971466666666667
0.07278650185212009 0.0005575767937131128 2.7017072754652704e-05 0.20032
0.07497489883861833 0.0005668476530391215 2.8307964936678905e-05 0.2034933333333333
0.07718902382084374 0.0005761389426917076 2.9637483431083496e-05 0.20666666666666667
0.07942858929915339 0.0005854509459287305 3.100613068484035e-05 0.20984000000000003
0.0816933097526863 0.0005947839450269821 3.2414407502471205e-05 0.21301333333333333
0.08398290204756749 0.0006041382213041013 3.38628133591854e-05 0.21618666666666664
0.08629708454587597 0.0006135140551020708 3.5351845934468424e-05 0.21936
0.08863557715999779 0.0006229117259778295 3.688200100279275e-05 0.2225333333333333
0.09099810093550087 0.0006323315123647062 3.845377253894542e-05 0.22570666666666667
0.09338437764893127 0.0006417736919320866 4.006765210583589e-05 0.22887999999999997
0.09579412991965996 0.0006512385414160841 4.172412909853164e-05 0.23205333333333333
0.09822708029146254 0.0006607263366576879 4.3423690060340826e-05 0.23522666666666664
0.10068295191144211 0.0006702373526030362 4.516681911511935e-05 0.2384
0.10316146741947729 0.0006797718633009701 4.6953997144668724e-05 0.2415733333333333
0.10566234923867714 0.0006893301418979557 4.878570192438168e-05 0.24474666666666667
0.10818531932906988 0.0006989124606304861 5.0662407875304e-05 0.24791999999999997
0.11073009895060047 0.000708519090815061 5.258458580523087e-05 0.25109333333333334
0.11329640834307947 0.0007181503028358335 5.455270256776899e-05 0.25426666666666664
0.11588396683180449 0.0007278063661300424 5.65672210311222e-05 0.25744
0.1184924924772972 0.0007374875491713221 5.8628599689176953e-05 0.2606133333333333
0.12112170208097117 0.0007471941194510033 6.073729253309523e-05 0.2637866666666666
0.12377131098863145 0.0007569263434574974 6.289374875484196e-05 0.26696000000000003
0.12644103311232552 0.0007666844866538884 6.509841261534758e-05 0.27013333333333334
0.1291305805534361 0.0007764688135109228 6.735172291745403e-05 0.27330666666666664
0.13183966381940668 0.0007862795871958551 6.965411329878719e-05 0.27648
0.13456799172567108 0.0007961170701162008 7.200601140689535e-05 0.2796533333333333
0.13731527120155554 0.0008059815233202889 7.440783912064637e-05 0.28282666666666667
0.140081207282227 0.0008158732067529266 7.686001206288372e-05 0.286
0.14286550325549754 0.0008257923791673725 7.936293959074721e-05 0.28917333333333334
0.1456678603098522 0.0008357392980933607 8.191702427759188e-05 0.2923466666666667
0.14848797797404736 0.0008457142198041956 8.45226621001051e-05 0.29552
0.15132555377913795 0.000855717399283031 8.718024192048545e-05 0.2986933333333333
0.15418028338920295 0.0008657490901884387 8.989014538591934e-05 0.3018666666666666
0.1570518606515634 0.0008758095448193705 9.26527467548293e-05 0.30504
0.15993997766374668 0.0008858990140796248 9.546841273813367e-05 0.30821333333333334
0.16284432463285547 0.0008960177474419257 9.833750213392502e-05 0.31138666666666664
0.1657645903382329 0.0009061659929117086 0.00010126036605346527 0.31455999999999995
0.1687004617424644 0.000916343996990729 0.00010423734730877188 0.3177333333333333
0.17165162441406034 0.0009265520046405757 0.00010726878060316347 0.3209066666666667
0.17461776243964294 0.0009367902592462044 0.00011035499221514503 0.32408
0.1775985585432063 0.0009470590025795811 0.00011349629988938035 0.3272533333333333
0.1805936942050928 0.0009573584747635204 0.00011669301273133884 0.33042666666666665
0.1836028499075265 0.0009676889142358231 0.00011994543124365815 0.33359999999999995
0.18662570501211032 0.000978050557713791 0.0001232538469717586 0.3367733333333333
0.1896619379976881 0.0009884436401592074 0.00012661854253584614 0.3399466666666667
0.19271122665444845 0.0009988683947438621 0.00013003979162770233 0.34312
0.19577324810217395 0.0010093250528157064 0.0001335178588173985 0.34629333333333334
0.19884767900743666 0.0010198138438523004 0.0001370529995999635 0.3494666666666666
0.20193419573920338 0.0010303349954954187 0.00014064546030276905 0.35263999999999995
0.2050324744312616 0.0010408887333855383 0.00014429547809176563 0.3558133333333333
0.20814219117317598 0.0010514752812651614 0.00014800328086455225 0.3589866666666666
0.21126302219500753 0.0010620948608821474 0.00015176908734860123 0.36216
0.2143946439469475 0.0010727476919744343 0.00015559310700159537 0.3653333333333333
0.2175367334005751 0.0010834339923045133 0.0001594755401412662 0.36850666666666665
0.22068896798808949 0.0010941539773225645 0.00016341657801477013 0.37168
0.22385102596579068 0.001104907860761857 0.00016741640246764058 0.3748533333333333
0.22702258637193506 0.0011156958539938744 0.0001714751863606734 0.3780266666666666
0.23020332945631797 0.0011265181663157678 0.00017559309366289898 0.3812
0.23339293652008336 0.0011373750048666326 0.00017977027917559724 0.3843733333333333
0.23659109028742945 0.0011482665745990667 0.0001840068888937248 0.3875466666666666
0.23979747494832973 0.0011591930783005184 0.00018830305990661457 0.39072
0.24301177639885707 0.001170154716453641 0.00019265892073190645 0.3938933333333333
0.24623368232274595 0.0011811516875062864 0.00019707459104238598 0.3970666666666667
0.2494628822718573 0.0011921841874049485 0.00020155018213496577 0.40024
0.2526990680541491 0.0012032524100003088 0.00020608579696820443 0.4034133333333333
0.25594193358791656 0.0012143565468293786 0.00021068153009908407 0.40658666666666665
0.25919117511539436 0.0012254967871456828 0.00021533746787624623 0.40975999999999996
0.2624464914838306 0.0012366733179096998 0.0002200536887920141 0.41293333333333326
0.26570758407921824 0.0012478863237371676 0.0002248302633927465 0.4161066666666666
0.2689741570908751 0.0012591359871096809 0.00022966725441431708 0.41928
0.27224591748250376 0.001270422487934278 0.00023456471715378074 0.4224533333333333
0.275522575290664 0.0012817460039741533 0.0002395226994668514 0.4256266666666667
0.27880384350147003 0.0012931067106283195 0.0002445412417989352 0.42879999999999996
0.2820894384628452 0.001304504780973511 0.0002496203777762804 0.4319733333333333
0.2853790795928126 0.0013159403857638517 0.00025476013377676926 0.4351466666666666
0.28867248980320753 0.0013274136934317707 0.0002599605296087173 0.43831999999999993
0.2919693955233588 0.001338924870090136 0.00026522157859182923 0.4414933333333334
0.2952695265425164 0.0013504740795355747 0.00027054328734869485 0.44466666666666665
0.29857261642461586 0.0013620614832529582 0.000275925656519804 0.44784
0.30187840239509417 0.0013736872404210097 0.00028136868064922274 0.4510133333333333
0.3051866253537425 0.0013853515079190215 0.00028687234827203954 0.4541866666666666
0.30849703009089474 0.001397054440334625 0.00029243664234929905 0.45736
0.31180936527656755 0.0014087961900209087 0.0002980615402923468 0.46053333333333335
0.3151233834541375 0.0014205769068646953 0.0003037470142868517 0.4637066666666666
0.3184388411575149 0.0014323967388293556 0.0003094930310609594 0.46687999999999996
0.32175549893766314 0.0014442558311891106 0.0003152995528191202 0.4700533333333333
0.32507312138265276 0.0014561543275198523 0.0003211665364152485 0.47322666666666663
0.3283914771369242 0.001468092368680822 0.0003270939345403565 0.47639999999999993
0.33171033898822067 0.0014800700935673104 0.0003330816952686369 0.47957333333333324
0.33502948378131114 0.0014920876388299497 0.00033912976233398524 0.48274666666666666
0.3383486925791136 0.001504145138939822 0.0003452380755138124 0.48592
0.3416677505624257 0.0015162427262049233 0.00035140657059587986 0.4890933333333333
0.34498644699340064 0.0015283805307355091 0.00035763517951063105 0.49226666666666663
0.3483045754322059 0.0015405586807207925 0.00036392383063540713 0.49544
0.3516219334696033 0.0015527773019294129 0.0003702724489732328 0.4986133333333333
0.3549383229686969 0.0015650365182462327 0.00037668095625945525 0.5017866666666667
0.3582535498806615 0.0015773364514328205 0.0003831492710418442 0.50496
0.3615674242534109 0.0015896772211991632 0.0003896773088160373 0.5081333333333333
0.3648797603580462 0.0016020589452240292 0.0003962649824539868 0.5113066666666667
0.36819037653535663 0.001614481739175761 0.0004029122020870432 0.5144799999999999
0.3714990951306664 0.0016269457167334465 0.0004096188751565322 0.5176533333333333
0.374805742702419 0.0016394509896084473 0.0004163849070245913 0.5208266666666667
0.3781101497070375 0.001651997667566252 0.00042321020052745145 0.5239999999999999
0.3814121506605144 0.00166458585850427 0.00043009465644024445 0.5271733333333333
0.3847115840693293 0.0016772156681959531 0.0004370381738120239 0.5303466666666667
0.3880082923521773 0.0016898872008700102 0.0004440406494434654 0.53352
0.3913021218603496 0.0017026005586199494 0.0004511019787428932 0.5366933333333334
0.3945929227543279 0.0017153558419889937 0.0004582220551022049 0.5398666666666667
0.397880549096498 0.0017281531493129746 0.0004654007709795507 0.54304
0.40116485866509116 0.0017409925776271551 0.00047263801681742744 0.5462133333333333
0.40444571301186183 0.0017538742216858172 0.0004799336823754037 0.5493866666666667
0.4077229773839886 0.00176679817490864 0.0004872876558422101 0.55256
0.41099652062905057 0.0017797645288252122 0.0004946998244069736 0.5557333333333333
0.41426621527668805 0.0017927733733019914 0.0005021700744470142 0.5589066666666667
0.4175319373303028 0.0018058247965367044 0.000509698291291979 0.56208
0.42079356636336135 0.0018189188850739506 0.0005172843596577751 0.5652533333333334
0.4240509853213148 0.001832055723868777 0.000524928163355637 0.5684266666666666
0.4273040806005747 0.0018452353962204824 0.0005326295857700554 0.5716
0.43055274193209336 0.0018584579839246744 0.0005403885096645044 0.5747733333333334
0.4337968623429329 0.0018717235671595386 0.000548204817431929 0.5779466666666666
0.43703633807271813 0.0018850322246142803 0.0005560783909928491 0.58112
0.44027106860453563 0.0018983840334869063 0.0005640091121000343 0.5842933333333334
0.4435009564968837 0.0019117790693729626 0.0005719968622666939 0.5874666666666667
0.44672590739777024 0.0019252174066619148 0.0005800415226264173 0.59064
0.4499458299815667 0.0019386991180444498 0.0005881429744933024 0.5938133333333334
0.4531606358934281 0.0019522242749350296 0.0005963010990224112 0.5969866666666667
0.4563702396892112 0.001965792947321463 0.0006045157774288041 0.60016
0.45957455878138015 0.0019794052038541623 0.0006127868909788671 0.6033333333333334
0.46277351336712735 0.0019930611117913136 0.0006211143210763791 0.6065066666666666
0.465967026405975 0.0020067607370978387 0.0006294979493199074 0.60968
0.46915502355866656 0.0020205041444286667 0.0006379376575741038 0.6128533333333334
0.4723374330805226 0.0020342913971580015 0.0006464333278688488 0.6160266666666666
0.475514185888908 0.002048122557433675 0.0006549848427336248 0.6192
0.4786852153687317 0.0020619976860332947 0.0006635920850290175 0.6223733333333333
0.4818504573823742 0.0020759168427151235 0.0006722549378228859 0.6255466666666667
0.48500985026000937 0.0020898800858582724 0.000680973284927913 0.62872
0.488163334652006 0.0021038874729007537 0.0006897470102583569 0.6318933333333334
0.49131085357962223 0.002117939059889239 0.0006985759986170036 0.6350666666666668
0.4944523522967219 0.002132034901639961 0.0007074601353448302 0.6382400000000001
0.497587778270988 0.0021461750523105775 0.0007163993058861591 0.6414133333333334
0.5007170811867201 0.002160359564497076 0.0007253933968917909 0.6445866666666668
0.5038402127831889 0.002174588490052931 0.0007344422951252138 0.6477599999999999
0.5069571269049433 0.0021888618795337816 0.0007435458883454807 0.6509333333333334
0.5100677794164173 0.002203179782481977 0.0007527040649592639 0.6541066666666666
0.5131721281569875 0.002217542247575693 0.0007619167139199561 0.65728
0.5162701328614786 0.0022319493223910197 0.0007711837249066791 0.6604533333333333
0.5193617551764907 0.0022464010534931603 0.0007805049884558668 0.6636266666666668
0.5224469585778986 0.0022608974865132437 0.0007898803958109161 0.6668000000000001
0.5255257083405179 0.0022754386661494428 0.0007993098389989727 0.6699733333333333
0.5285979714275245 0.0022900246361261586 0.0008087932106993334 0.6731466666666666
0.5316637165789063 0.0023046554392466127 0.0008183304046267232 0.67632
0.5347229141452942 0.0023193311175679567 0.0008279213150061152 0.6794933333333333
0.5377755361110812 0.002334051711948141 0.0008375658372545597 0.6826666666666666
0.5408215560363745 0.0023488172626443394 0.0008472638673578485 0.68584
0.5438609489998777 0.0023636278090942565 0.0008570153020612429 0.6890133333333334
0.546893691601729 0.0023784833896895 0.0008668200392566344 0.6921866666666667
0.5499197618647508 0.0023933840420523452 0.0008766779775368508 0.69536
0.552939139259225 0.0024083298030922605 0.0008865890163647967 0.6985333333333335
0.5559518046142049 0.0024233207089691395 0.0008965530559650686 0.7017066666666667
0.5589577401132634 0.002438356794966283 0.0009065699975771422 0.7048800000000001
0.5619569292416259 0.0024534380954723965 0.0009166397434371238 0.7080533333333333
0.5649493567566791 0.0024685646445268246 0.0009267621962697035 0.7112266666666667
0.5679350086630175 0.002483736474967322 0.000936937260190588 0.7144
0.570913872136963 0.002498953619279119 0.0009471648397316575 0.7175733333333333
0.5738859355546574 0.002514216109064385 0.0009574448405956408 0.7207466666666666
0.5768511884086388 0.002529523975271322 0.0009677771692672599 0.72392
0.5798096213263827 0.002544877248168961 0.0009781617332268633 0.7270933333333333
0.5827612259703088 0.002560275957352459 0.0009885984407174793 0.7302666666666666
0.5857059950692017 0.0025757201318134908 0.0009990872009027403 0.7334400000000001
0.5886439223484139 0.002591209799775497 0.0010096279239019711 0.7366133333333333
0.5915750025406078 0.002606744988988124 0.0010202205206489153 0.7397866666666667
0.5944992313102211 0.0026223257264825113 0.0010308649029776382 0.7429600000000001
0.5974166052670558 0.0026379520387219153 0.0010415609836306502 0.7461333333333333
0.6003271219039085 0.002653623951603957 0.0010523086761375076 0.7493066666666667
0.603230779608975 0.002669341490284576 0.0010631078951423318 0.75248
0.6061275775926639 0.002685104679671405 0.0010739585557435034 0.7556533333333334
0.6090175159049322 0.0027009135436496016 0.0010848605744332679 0.7588266666666668
0.6119005953950414 0.0027167681060197473 0.0010958138681097956 0.762
0.6147768176715008 0.0027326683897086566 0.001106818354811861 0.7651733333333335
0.6176461850882389 0.002748614417337047 0.0011178739531928236 0.7683466666666666
0.6205087007576335 0.0027646062108676495 0.0011289805830176738 0.77152
0.623364368463371 0.0027806437917944917 0.0011401381647294475 0.7746933333333333
0.6262131926793252 0.0027967271811115157 0.001151346619641791 0.7778666666666667
0.6290551785397787 0.0028128563993642846 0.0011626058698591373 0.78104
0.6318903318342515 0.0028290314664484507 0.0011739158385448158 0.7842133333333333
0.6347186589549173 0.002845252401988912 0.0011852764494175278 0.7873866666666667
0.637540166884224 0.002861519225186005 0.0011966876269362467 0.79056
0.6403548632141289 0.0028778319545173076 0.001208149296757567 0.7937333333333334
0.6431627560644149 0.002894190608222051 0.001219661384999417 0.7969066666666667
0.6459638541256799 0.002910595204090041 0.001231223818703895 0.80008
0.6487581665907228 0.0029270457592873796 0.0012428365258059925 0.8032533333333334
0.6515457031748954 0.0029435422909460936 0.0012544994347012015 0.8064266666666667
0.6543264740712036 0.0029600848153472133 0.0012662124749481534 0.8096
0.6571004899579699 0.0029766733487795044 0.0012779755765124092 0.8127733333333333
0.6598677619646152 0.0029933079067644497 0.0012897886704667046 0.8159466666666668
0.6626283016609178 0.003009988504611124 0.0013016516884574092 0.81912
0.6653821210464742 0.0030267151573224417 0.0013135645628193937 0.8222933333333333
0.668129232522896 0.0030434878794424174 0.0013255272266733096 0.8254666666666667
0.6708696489091248 0.0030603066850564855 0.0013375396140553302 0.8286399999999999
0.6736033833770431 0.0030771715880228583 0.0013496016594663264 0.8318133333333333
0.6763304494960799 0.0030940826017364174 0.0013617132983635995 0.8349866666666668
0.6790508611670876 0.0031110397394618857 0.001373874466595113 0.83816
0.6817646326528991 0.003128043013960339 0.0013860851009658381 0.8413333333333333
0.6844717785218433 0.003145092437461993 0.0013983451390682813 0.8445066666666667
0.6871723136861393 0.00316218802222041 0.0014106545189560542 0.84768
0.6898662533484724 0.0031793297801552688 0.001423013179313623 0.8508533333333332
0.6925536129995664 0.0031965177225011087 0.0014354210598473377 0.8540266666666667
0.6952344084305365 0.0032137518604565137 0.0014478781007449754 0.8572
0.6979086556793384 0.0032310322051527533 0.0014603842425093315 0.8603733333333333
0.7005763710625614 0.0032483587668919005 0.001472939426916142 0.8635466666666667
0.7032375711430179 0.003265731556012463 0.0014855435960455798 0.8667200000000002
0.7058922727103146 0.0032831505825614894 0.0014981966925639537 0.8698933333333333
0.708540492797134 0.0033006158561502 0.0015108986599905864 0.8730666666666667
0.7111822486512582 0.0033181273863134068 0.0015236494422499719 0.8762399999999999
0.7138175577233167 0.0033356851822252866 0.0015364489839394678 0.8794133333333333
0.7164464376892976 0.0033532892526922124 0.0015492972304885068 0.8825866666666666
0.7190689063853433 0.003370939606330329 0.001562194127704802 0.8857599999999999
0.7216849818454932 0.0033886362517332575 0.0015751396218298354 0.8889333333333334
0.7242946822922046 0.0034063791967896876 0.0015881336602158178 0.8921066666666666
0.7268980260924551 0.00342416844957517 0.0016011761902541045 0.8952800000000001
0.7294950317894766 0.0034420040176447995 0.0016142671602772634 0.8984533333333333
0.7320857180618471 0.00345988590838718 0.0016274065190365068 0.9016266666666666
0.7346701037524261 0.003477814128997086 0.0016405942159105629 0.9047999999999999
0.7372482078209627 0.0034957886865621983 0.0016538302006130613 0.9079733333333333
0.7398200493729975 0.0035138095875936765 0.0016671144238427655 0.9111466666666665
0.742385647622805 0.003531876838794783 0.001680446836357586 0.9143200000000001
0.7449450219164007 0.003549990446505054 0.001693827389681263 0.9174933333333334
0.7474981916985102 0.003568150416538801 0.0017072560361246845 0.9206666666666667
0.7500451765165039 0.003586356754926089 0.0017207327280948231 0.92384
0.7525859960224884 0.0036046094675475293 0.0017342574185009812 0.9270133333333334
0.7551206699625326 0.0036229085595355847 0.0017478300613259978 0.9301866666666667
0.757649218155415 0.003641254036314418 0.0017614506105004416 0.9333600000000002
0.7601716605078277 0.0036596459031863738 0.0017751190204243674 0.9365333333333334
0.7626880170047008 0.0036780841647552926 0.0017888352465193352 0.9397066666666667
0.7651983077027286 0.003696568825897394 0.0018025992442487295 0.94288
0.7677025527037534 0.0037150998911310686 0.0018164109696266735 0.9460533333333334
0.770200772196365 0.003733677364848978 0.0018302703792391244 0.9492266666666667
0.772692986407709 0.0037523012512185846 0.0018441774301022691 0.9524
0.7751792156188703 0.0037709715541845426 0.001858132079767637 0.9555733333333334
0.7776594801535716 0.0037896882777321158 0.0018721342860182272 0.9587466666666666
0.7801338003788986 0.003808451425527151 0.0018861840072544568 0.96192
0.782602196707799 0.003827261001074213 0.0019002812023723424 0.9650933333333334
0.7850646895732643 0.0038461170077226676 0.001914425830631204 0.9682666666666666
0.7875212994487606 0.0038650194486238095 0.0019286178518332592 0.9714400000000001
0.789972046816934 0.00388396832705041 0.0019428572258435152 0.9746133333333333
0.7924169522010319 0.003902963645771335 0.001957143913415987 0.9777866666666666
0.7948560361301429 0.003922005407641276 0.00197147787542107 0.98096
0.797289319150771 0.003941093615126861 0.0019858590734042852 0.9841333333333333
0.7997168218268966 0.003960228270874712 0.00200028746903683 0.9873066666666667
0.8021385647183203 0.003979409377231845 0.0020147630244836566 0.9904799999999999
0.8045545683960494 0.003998636936253734 0.002029285702502886 0.9936533333333333
0.8069648534359718 0.004017910950135165 0.0020438554659939242 0.9968266666666666
0.8093694404050013 0.004037231420898905 0.0020584722782406753 0.9999999999999999
