-0.002219203245873189 3.4344360481948487e-16 1.049061989912397e-23 1.27e-13
-0.008131016008171597 1.863019554445319e-15 3.4247728193016397e-22 6.93e-13
-0.008728468573658372 1.6912977520355765e-14 1.7563677026986934e-20 6.295e-12
-0.008736486713682377 4.2476845841353274e-14 8.954879666468709e-20 1.581e-11
-0.00878605218818483 1.0671052004462015e-13 4.38190669669594e-19 3.972e-11
-0.009011198010234932 2.6795081243935283e-13 2.07469132369273e-18 9.976e-11
-0.008739107133080582 6.732790668064996e-13 9.492028245496018e-18 2.506e-10
-0.008545934255888038 1.6912977520355766e-12 4.178222839548e-17 6.294e-10
-0.008697200242719447 4.247684584135327e-12 1.758350465909868e-16 1.581e-09
-0.008572305012198226 1.067267202146588e-11 7.049624471730901e-16 3.972e-09
-0.008573992835388166 1.3434801013056548e-11 9.479410661424907e-16 5e-09
-0.008318058721449589 2.681128141397394e-11 2.5866047345778176e-15 9.976e-09
-0.008095565870848259 5.3492961467638634e-11 6.909028534938518e-15 1.99e-08
-0.008113319983618729 1.0679152089481342e-10 1.8133270822197103e-14 3.973e-08
-0.008124852323517001 2.1303223600831256e-10 4.6937412744534046e-14 7.926e-08
-0.0073121508169337384 4.2525446351469236e-10 1.2033570179819865e-13 1.581e-07
-0.007524846507521317 5.35415619777546e-10 1.5750349944767225e-13 1.991e-07
-0.00744728009911646 8.487269083251327e-10 2.9362920645486163e-13 3.156e-07
-0.00723359798688511 1.3451001183095203e-09 5.459808878770877e-13 5.001e-07
-0.006535361339286257 1.6945377860433076e-09 7.44257208994551e-13 6.296e-07
-0.006529583409574017 2.6017473082079846e-09 1.2365232389689077e-12 9.667e-07
-0.006505891457749445 4.1229432748376845e-09 2.29279527692194e-12 1.532e-06
-0.006119858703288035 6.7489908381036515e-09 4.246718295934033e-12 2.507e-06
-0.0056788162855801825 1.0701832327535458e-08 7.8625573883125e-12 3.974e-06
-0.005371705595367415 1.3010356558043788e-08 1.0205823001518887e-11 4.83e-06
-0.005415265109683517 1.637837190908015e-08 1.3882947502242752e-11 6.081e-06
-0.004928835017800712 2.1368024280985876e-08 1.889032586646378e-11 7.93e-06
-0.004442863424456737 2.6908482434205867e-08 2.5685796144762298e-11 9.982e-06
-0.0046732258882104865 3.3874555550827495e-08 3.493268275687672e-11 1.257e-05
-0.004140442198501439 4.103503070791298e-08 4.51168756142737e-11 1.522e-05
-0.0036559535217570655 5.3703563678141154e-08 6.135750882580411e-11 1.991e-05
-0.0035975214645441057 6.761950974134575e-08 8.34202558301473e-11 2.507e-05
-0.0024383036874875284 7.536319101982281e-08 9.674081958522052e-11 2.791e-05
-0.0020914252926002783 1.0282247923534295e-07 1.426327753638625e-10 3.807e-05
-0.0016375597880562514 1.3679423580640237e-07 2.03143103544892e-10 5.063e-05
-0.0010022354673839796 1.7820187042520443e-07 2.813721247857821e-10 6.592e-05
-0.0003504347304294309 2.2809839414426166e-07 3.80149782942482e-10 8.433e-05
0.0002128934848089467 2.873910164857388e-07 5.029008508342934e-10 0.0001062
0.00045254080785545243 3.575377527531147e-07 6.534106036825496e-10 0.0001321
0.0008112909718346844 4.396726148490953e-07 8.354643167085842e-10 0.0001624
0.0010733428531341169 4.5765480359200226e-07 8.758405857361405e-10 0.000169
0.0009712964999142881 4.762849991364555e-07 9.180193667738552e-10 0.0001759
0.0007656080290999093 4.954011997820683e-07 9.614599062186815e-10 0.000183
0.0013086900149400038 5.151654072292274e-07 1.0065227064726502e-09 0.0001902
0.00120265943470661 5.35415619777546e-07 1.053207767535762e-09 0.0001977
0.0012956491644536812 5.563138391274109e-07 1.101154587005985e-09 0.0002054
0.001358440152290542 5.63117910543646e-07 1.1170166926953822e-09 0.0002079
0.0013545457061959504 5.639279190455787e-07 1.1189994559065568e-09 0.0002082
0.0010491535683066066 5.661959428509905e-07 1.120261214313668e-09 0.0002091
0.0014913041601321009 5.851501417962167e-07 1.1458568848579223e-09 0.000216
0.0012674262112790185 6.042663424418295e-07 1.1658647681706844e-09 0.0002231
0.0015556642066468392 6.261365719940137e-07 1.1862331538854784e-09 0.0002311
0.0016371862058215502 6.505988287523827e-07 1.2076830468063676e-09 0.0002401
0.001216620366161027 6.771671076157768e-07 1.2298539445313204e-09 0.00025
0.0013659467913910053 7.160475157085487e-07 1.260857151106051e-09 0.0002643
0.0016901977775866624 8.275046855744948e-07 1.3461159691865602e-09 0.0003053
0.001725695515508943 9.577540526852805e-07 1.4447133761422443e-09 0.0003533
0.0018269671876334948 1.1051756000370406e-06 1.55809138158123e-09 0.0004076
0.0018861986478773249 1.2691213208282285e-06 1.6884129999157081e-09 0.000468
0.0021067735231802332 1.448781206556912e-06 1.836759738351774e-09 0.0005341
0.0025298481668564023 1.6443172589234772e-06 2.0061958673066974e-09 0.0006059
0.002184041632221332 2.07848181595943e-06 2.409958557582259e-09 0.0007661
0.0023992879339645606 3.424715946171656e-06 3.884413381892123e-09 0.001262
0.0032995802217625414 5.146794021280677e-06 6.177208658814062e-09 0.001895
0.00377923370957296 7.262536228329013e-06 9.495633269516336e-09 0.002673
0.004438859978446159 9.80272289039011e-06 1.4055988655217993e-08 0.003606
0.004883598988630238 1.28078544325606e-05 2.0098008913270148e-08 0.00471
0.00575934740266783 2.039601407866658e-05 3.765447589221645e-08 0.007496
0.0065045751822021105 3.048872001274861e-05 6.460203044408987e-08 0.0112
0.008040650874235 4.361085774405912e-05 1.0384271690524603e-07 0.016
0.009298661015344628 6.021603203368044e-05 1.5883735833518974e-07 0.02207
0.010168076199338207 8.048244475203778e-05 2.3342530531555914e-07 0.02948
0.01192955704859299 0.00011667362461839294 3.897030965963234e-07 0.04268
0.014003244454420026 0.0001702637871062635 6.934263703080742e-07 0.0622
0.014983836171616199 0.0002003961033781617 9.095475603261091e-07 0.07317
0.01496852527229006 0.0002080101832963295 9.681292006562688e-07 0.07596
0.01896541307500562 0.00027443088045481484 1.7871906580724082e-06 0.1
0.028941675119152688 0.00041310433598570114 5.376893326303575e-06 0.15
0.043404474352506175 0.0005535598102208395 1.2543681078694795e-05 0.2
0.06201724826682588 0.0006962833082613896 2.4640339178870216e-05 0.25
0.08465125508826715 0.0008420848386092842 4.282768536137208e-05 0.3
0.11069575235908208 0.0009914504063656827 6.81890293443058e-05 0.35
0.13979974885951102 0.0011450280183321318 0.00010175180297346187 0.4
0.17160487536157543 0.001303465681310177 0.00014448936273432603 0.45
0.20559433990289488 0.001467087398700592 0.00019737506511238398 0.5
0.24126707488881372 0.0016362171739041497 0.000261183990272004 0.55
0.27909351452608844 0.0018127990273254886 0.0003368894946986718 0.6
0.3173440411021744 0.001994240931758424 0.0004253928343974668 0.65
0.3575413595238166 0.0021854029382145524 0.0005272347629714366 0.7
0.3980476527354289 0.002383045012686143 0.0006434967876266766 0.75
0.43907261424320904 0.0025887871721770607 0.0007747196619662341 0.8
0.4803303737161755 0.002802629416687306 0.0009216243907941727 0.85
0.5219580102520042 0.003026191763220744 0.0010847517277135404 0.9
0.5637402483966975 0.0032594742117773756 0.0012650029287294162 0.95
0.6053652809009699 0.0035024767623571995 0.001462558245042816 1.0
0.64700658214478 0.0037568194319640823 0.0016781386814578034 1.05
0.6882233000177366 0.004020882203594158 0.0019124652427784418 1.1
0.7289828845548176 0.004296285094251292 0.002164816924200668 1.15
0.7693900613049671 0.004583028103935485 0.0024369962377346404 1.2
0.8092795879967662 0.004881111232646736 0.0027290031833803593 1.25
0.8489491098338234 0.0051921544973889105 0.003042640273147983 1.3
0.8876369384349863 0.005514537881158144 0.0033743024830171944 1.35
0.9258868125344955 0.005849881400958302 0.0037275948370083106 1.4
0.9634184579149423 0.006198185056789383 0.004100714823111174 1.45
1.0006643871125382 0.006561068865655254 0.0044972674653461 1.5
1.03706517194216 0.006936912810552048 0.004913647739692773 1.55
1.0420447225870915 0.00699037337167961 0.0049731306360280125 1.557
1.0491475155167784 0.007066514170861288 0.005059651212515633 1.567
1.0563895491870754 0.007144274987046832 0.005147974301013413 1.577
1.0634892228065083 0.0072220358032323755 0.0052362973895111915 1.587
1.070579182825133 0.007301416636421785 0.00532462047800897 1.597
1.0776727958386716 0.007380797469611194 0.005414746078516908 1.607
1.084629626116077 0.007460178302800604 0.005504871679024846 1.617
1.0917142961865423 0.007541179152993878 0.005596799791542943 1.627
1.0987988836900395 0.007622180003187153 0.0056905304160711975 1.637
1.1058686096129264 0.007704800870384293 0.005784261040599454 1.647
1.112685710010722 0.007785801720577567 0.005877991665127709 1.657
1.1196229764448955 0.007868422587774707 0.005973524801666123 1.667
1.1265461062875533 0.007952663471975714 0.006069057938204537 1.677
1.133467316172581 0.00803690435617672 0.0061663935867531106 1.687
1.1402602172498366 0.008121145240377724 0.006263729235301683 1.697
1.1470522336106466 0.008205386124578731 0.006362867395860414 1.707
1.1539520930005642 0.008291247025783603 0.006463808068429305 1.717
1.1607255803771133 0.008377107926988474 0.0065647487409981956 1.727
1.1674833641589564 0.00846458884519721 0.006665689413567086 1.737
1.1742368564397683 0.008552069763405947 0.0067684325981461355 1.747
1.180868937928173 0.008639550681614684 0.006871175782725184 1.757
1.1876009539796752 0.008728651616827286 0.006975721479314393 1.767
1.1942129394777252 0.008817752552039888 0.007080267175903599 1.777
1.2008202259642178 0.00890685348725249 0.007186615384502967 1.787
1.2075214169236632 0.008997574439468957 0.007294766105112493 1.797
1.214104567126915 0.009088295391685425 0.0074029168257220175 1.807
1.220669967147693 0.009180636360905759 0.007511067546331543 1.817
1.227228072573612 0.009272977330126091 0.007621020778951228 1.827
1.2337781697975878 0.009365318299346425 0.00773277652358107 1.837
1.24011121960742 0.009457659268566758 0.007842729756200754 1.847
1.2466353300827537 0.009551620254790958 0.007956288012840757 1.857
1.2531393812409308 0.00964720125801902 0.008069846269480757 1.867
1.259633314620447 0.009742782261247085 0.008185207038130918 1.877
1.2660171825450577 0.00983836326447515 0.00830056780678108 1.887
1.2722938865870723 0.009933944267703214 0.00841592857543124 1.897
1.2786506016753993 0.010031145287935143 0.00853309185609156 1.907
1.2850837093422525 0.01012996632517094 0.008652057648762037 1.917
1.2913242960476636 0.010227167345402868 0.008771023441432515 1.927
1.2976404470559422 0.010325988382638663 0.008891791746113152 1.937
1.3039360227971781 0.010426429436878324 0.009012560050793789 1.947
1.3102201522215104 0.010526870491117985 0.009135130867484584 1.957
1.3164017371474859 0.010627311545357645 0.00925770168417538 1.967
1.3225730199231176 0.010727752599597306 0.009382075012876334 1.977
1.328724567554157 0.010829813670840833 0.009506448341577288 1.987
1.3349438883480835 0.010933494759088225 0.0096326241822884 1.997
