-0.008952073942280609 2.1309784247761078e-17 5.448086228954261e-25 7.92405959867008e-15
-0.008952005300013033 6.738745754430371e-17 3.473863257752586e-24 2.50580766467172e-14
-0.008951866892294519 2.1309786989721346e-16 2.2150394517305045e-23 7.92405959867008e-14
-0.00895158781212188 6.738747502786562e-16 1.4123756200745716e-22 2.50580766467172e-13
-0.008951025085399715 2.1309798137765073e-15 9.00573075853157e-22 7.92405959867008e-13
-0.00894989042494598 6.738754611113719e-15 5.7423241623839134e-21 2.50580766467172e-12
-0.008947602541364104 2.1309843462592045e-14 3.661478193167158e-20 7.92405959867008e-12
-0.008942989353192628 6.738783511583431e-14 2.3346683642243086e-19 2.50580766467172e-11
-0.008933687555392618 2.1310027740658968e-13 1.4886546043293664e-18 7.92405959867008e-11
-0.008914932016434835 6.738901012808401e-13 9.492108450817612e-18 2.50580766467172e-10
-0.008886934537559952 1.6927105476644752e-12 4.178258144511058e-17 6.29410234040288e-10
-0.008840511859065342 4.252134709002331e-12 1.7583653235420775e-16 1.58104849886544e-09
-0.008767310236106895 1.068154506386349e-11 7.049684039336817e-16 3.97146890586824e-09
-0.008747107277952925 1.3446396123586118e-11 9.479490760130995e-16 4.99938025672213e-09
-0.008664015114668992 2.682681628605009e-11 2.5866265907564137e-15 9.97366035816307e-09
-0.008554047920913391 5.3540765271972803e-11 6.909086914543089e-15 1.99038194110668e-08
-0.008410834045465594 1.0685933758577104e-10 1.8133424043909074e-14 3.97209640718649e-08
-0.008226525540274733 2.1320897117214902e-10 4.693780935421395e-14 7.92418564452663e-08
-0.007991041529487448 4.254628228863928e-10 1.2033671860550393e-13 1.58101406297455e-07
-0.007913436203750504 5.356489546332517e-10 1.575048303137947e-13 1.99033206564924e-07
-0.007714673933558959 8.492147552106067e-10 2.936316875499789e-13 3.15499695463202e-07
-0.007482208742411685 1.3458798255885376e-09 5.45985501282312e-13 4.99934080568851e-07
-0.007351466708229224 1.6947394774852562e-09 7.44263497786288e-13 6.29458589212406e-07
-0.007262051245494893 1.964831843421081e-09 9.077527185400208e-13 7.29727457487442e-07
-0.0071172624777860495 2.6012730248273784e-09 1.2365336872884319e-12 9.65971146546113e-07
-0.006799669778952815 4.124010567592904e-09 2.2928146504823405e-12 1.53107000415745e-06
-0.006435138948953301 6.750993129180914e-09 4.246754179666977e-12 2.50562661931723e-06
-0.006016288183164557 1.0703666337833774e-08 7.862623825003119e-12 3.97141379770464e-06
-0.005818409108983921 1.3012290309627177e-08 1.0205909238231928e-11 4.82727428613838e-06
-0.005567709756699478 1.6385076982009333e-08 1.3883064809760206e-11 6.07736284802167e-06
-0.005301403802350179 2.1374756112698054e-08 1.889048548510607e-11 7.92625465087822e-06
-0.005019363737661131 2.6910793116213938e-08 2.5686013183469616e-11 9.97703609874371e-06
-0.004714587727235939 3.3887932304519465e-08 3.4932977929518676e-11 1.25609035335829e-05
-0.0044425349388699815 4.1055024037314416e-08 4.511725684085926e-11 1.5214353983086e-05
-0.004098453706559459 5.372644716308428e-08 6.135802728177584e-11 1.99041938317933e-05
-0.0037342713054454653 6.765064652819318e-08 8.342096071094552e-11 2.50558859045481e-05
-0.003415134621341812 8.167732244248715e-08 1.072323455638321e-10 3.02437264418389e-05
-0.003005222344325195 1.0729455196591748e-07 1.4580642852006013e-10 3.97148963129425e-05
-0.0025716834523270824 1.3514041814784239e-07 1.98277996503976e-10 5.00057205192782e-05
-0.0021527212516969925 1.662872414405027e-07 2.613664499370592e-10 6.15115619502737e-05
-0.0021055090344589255 1.7696212370831647e-07 2.694778225213128e-10 6.54540322464242e-05
-0.001626897572573726 2.2950586111524666e-07 3.664537880841665e-10 8.48543390899079e-05
-0.0012244495265907674 2.758331839221506e-07 4.681163244734778e-10 0.000101951949234728
-0.0010397065127590716 2.9904715441346957e-07 5.212908780813622e-10 0.000110516834614163
-0.000815232711424573 3.3989423571369733e-07 5.930314622709826e-10 0.000125584418787288
-0.0002685675003270467 4.4264489107082827e-07 8.06270434874804e-10 0.000163471959083754
0.00022470552099316336 5.391558328013442e-07 1.0483498433337491e-09 0.000199040377780961
0.0007352554164215569 6.790867694629737e-07 1.3587450342245188e-09 0.000250584885047483
0.0008050620011179608 6.97081148261539e-07 1.4068725115577568e-09 0.000257211369324703
0.0008269079737948766 7.027774756093417e-07 1.422193993105791e-09 0.000259308963120565
0.0009426476337241936 7.334779679650503e-07 1.505470751637461e-09 0.000270613214320415
0.0011197603931613297 7.821790389096449e-07 1.6399392838119755e-09 0.000288542839998925
0.001208705684968484 8.074343137272062e-07 1.7107786043811236e-09 0.000297839506320659
0.0012834479052847233 8.290750035136487e-07 1.7720645305732617e-09 0.000305804963744281
0.001488363232759195 9.26785894313665e-07 1.9521370019436905e-09 0.000341765071242143
0.0025662975972803146 3.428180080164441e-06 3.8839054460647005e-09 0.0012616
0.003106711697722671 5.150961528232721e-06 6.177621360167513e-09 0.0018947
0.003644284161776512 7.268902856087556e-06 9.495533252575409e-09 0.0026726
0.004180224105421272 9.812118021740103e-06 1.4055386413994572e-08 0.0036062
0.004715054399804089 1.2819762636931009e-05 2.0092771154816546e-08 0.0047097
0.0057826278046874775 2.042101230801582e-05 3.766200417230976e-08 0.0074963
0.006847480598360672 3.052646563914421e-05 6.46043788427182e-08 0.011197
0.00791064709305968 4.3653156282887555e-05 1.03845396878096e-07 0.015999
0.008972426376528462 6.027459132244891e-05 1.5883329289037137e-07 0.022073
0.01003304580604161 8.05570242506182e-05 2.333732018851797e-07 0.029477
0.011623698661239374 0.00011678459860319267 3.8970638949236e-07 0.042684
0.013743438197647874 0.00017041760430662245 6.935223559536795e-07 0.0622
0.014903984647114106 0.0002006245740890035 9.095912963257851e-07 0.073174
0.015189119711945262 0.00020829605365114338 9.68155406384096e-07 0.075959
0.01666316793896846 0.00023322183935510548 1.2954222522501127e-06 0.085
0.017287037325446238 0.00024702127999859293 1.4460774790483156e-06 0.09
0.01792958092425649 0.00026082945871881805 1.6102156096087887e-06 0.095
0.01859335660513734 0.0002746466568269728 1.7890623624553749e-06 0.1
0.019279962901995622 0.00028847318498443394 1.9836812286602324e-06 0.105
0.019990703008087973 0.00030230937454542496 2.1951176740231087e-06 0.11
0.02072779318116652 0.0003161555817752305 2.4247596445195317e-06 0.115
0.02149165839620211 0.0003300121822000462 2.6735084037699745e-06 0.12
0.022283721173450777 0.00034387956484253706 2.9426257208430978e-06 0.125
0.023104713732875384 0.00035775813464194913 3.23319311208347e-06 0.13
0.023955272849676443 0.00037164830700478014 3.5462920938356576e-06 0.135
0.02483689544152649 0.0003855505130773961 3.883364687892417e-06 0.14
0.025749542289570215 0.0003994651954280128 4.24531215787422e-06 0.145
0.026693605195945352 0.0004133928001820446 4.633216020125635e-06 0.15
0.027670271662785094 0.00042733378559013245 5.0485182964394165e-06 0.155
0.028678960822311195 0.00044128861563352833 5.491939997711946e-06 0.16
0.029719928922884498 0.0004552577532656327 5.964562640287786e-06 0.165
0.03079493405503828 0.0004692416767414037 6.468188751407885e-06 0.17
0.031902951257590254 0.0004832408712505531 7.0033590892445264e-06 0.175
0.03304484365996631 0.0004972558221739663 7.571515675590463e-06 0.18
0.03422068352445538 0.0005112870231407104 8.173740026790267e-06 0.185
0.03543052389398467 0.000525334970328681 8.811113659188502e-06 0.19
0.03667406764318738 0.000539400159958784 9.484537836405643e-06 0.195
0.03795232349431404 0.0005534830948948934 1.0195634832958537e-05 0.2
0.03926463033891898 0.0005675842824742497 1.0945125659743567e-05 0.205
0.040611901365663707 0.0005817042335570561 1.173463259127758e-05 0.21
0.04199286902227149 0.0005958434586917887 1.2564516133008767e-05 0.215
0.04340897786567871 0.0006100024714214545 1.3436759064902166e-05 0.22
0.04485927017412648 0.0006241817910606195 1.4351902145130062e-05 0.225
0.04634451520711642 0.0006383819375643633 1.5311567648209307e-05 0.23
0.0478640526881961 0.0006526034340026326 1.6316476585036275e-05 0.235
0.04941858482545295 0.0006668468058771289 1.736825123012782e-05 0.24
0.05100640964652434 0.0006811125741011157 1.846689158348394e-05 0.245
0.05262974403329974 0.0006954012652553579 1.9615101435966056e-05 0.25
0.055943100688725385 0.0007240490805945522 2.2035895520555512e-05 0.26
0.05942111138975603 0.0007527943281326073 2.4685610564745005e-05 0.27
0.06306971372528168 0.0007816421745350053 2.7580469313703056e-05 0.28
0.0668894973546322 0.0008105979355592423 3.0733089458116274e-05 0.29
0.07091423930485802 0.0008396674728849238 3.4184929124526404e-05 0.3
0.07511497533451314 0.0008688568045556955 3.792517314948776e-05 0.31
0.07953180637744492 0.0008981721603093899 4.200429229574684e-05 0.32
0.08412307981521333 0.0009276198488746241 4.6398853709171314e-05 0.33
0.08890200661465228 0.0009572058207903672 5.1135895298375405e-05 0.34
0.09390985636745143 0.0009869369071231963 5.627309793506933e-05 0.35
0.09910019520853283 0.0010168199815541543 6.177981865615702e-05 0.36
0.10451121161592859 0.001046861866831231 6.771373833334873e-05 0.37
0.11012925055071013 0.001077069871799373 7.407846202112637e-05 0.38
0.11593541436467847 0.0011074509231784096 8.087038466500802e-05 0.39
0.12193754292879763 0.0011380118793758985 8.811654417360785e-05 0.4
0.1281480778942372 0.0011687600196121169 9.585118856450386e-05 0.41
0.13457083058830865 0.001199702997523585 0.00010409955321906928 0.42
0.1411667134169989 0.0012308480583683454 0.00011283099517420799 0.43
0.14794466213894503 0.001262202087633284 0.00012207615739301612 0.44
0.1549302806964951 0.0012937726332485652 0.00013189091821996294 0.45
0.1620904976473622 0.0013255672749818972 0.0001422500422736752 0.46
0.1694490964119454 0.001357593570331667 0.0001532094078986222 0.47
0.17697102357921246 0.0013898590498755154 0.00016473837213170793 0.48
0.18467749002698605 0.001422371149657637 0.00017689101079016074 0.49
0.19253979257308856 0.0014551373365708654 0.0001896438910198483 0.5
0.20057982197371138 0.0014881650995346928 0.00020305469369248086 0.51
0.20878885804835742 0.0015214623005930634 0.00021713243144426314 0.52
0.2171432568726452 0.0015550364189942 0.00023185907900278574 0.53
0.2256607029086012 0.0015888949746662225 0.0002472887121852769 0.54
0.2431421446674978 0.0016574961885066969 0.00028027496069457473 0.56
0.2611804223640368 0.0017273268582454037 0.0003161813033342038 0.58
0.2798111266970618 0.0017984498374741546 0.00035527811919030606 0.6
0.2989048729418421 0.0018709273486421949 0.00039749330717324345 0.62
0.31851709988053517 0.001944821389662177 0.00044315132218638627 0.64
0.3385580643347688 0.0020201953702974913 0.0004922521642297344 0.66
0.3589270690204057 0.0020971080573314606 0.0005447417574860597 0.68
0.3797925348688631 0.0021756231139340347 0.0006012690117621023 0.7
0.4009342478781445 0.0022558049897210115 0.0006614553963372638 0.72
0.4224076786527957 0.0023377139127594665 0.0007256614166597331 0.74
0.4441310643963339 0.002421411435468226 0.0007938510221846915 0.76
0.4661405035307167 0.0025069595007300906 0.0008663486678155087 0.78
0.4884374542746121 0.002594424085662182 0.0009433886820935083 0.8
0.5108869874877879 0.0026838678372327293 0.001024718711204957 0.82
0.5335132358799017 0.002775350569087851 0.0011106271595084072 0.84
0.5562536607836656 0.00286893237197044 0.001201077976459039 0.86
0.5791344807305634 0.0029646735649783798 0.0012963775916878136 0.88
0.6021718365052542 0.003062638497203232 0.0013968144095532823 0.9
0.625256190921707 0.0031628890337585323 0.0015021180509693032 0.92
0.6484010286360585 0.0032654839892753734 0.0016125408697496083 0.94
0.6716307037176373 0.003370485795789448 0.0017284073207975677 0.96
0.6949097344950778 0.0034779581216203012 0.0018497534546580013 0.98
0.718180223770081 0.0035879613352100066 0.0019764711196964516 1.0
0.7413853570386535 0.0037005508699693257 0.0021084161137336424 1.02
0.7646799817681204 0.003815788880660033 0.002246669953114142 1.04
0.7879078746067747 0.003933739025954663 0.002390511626941572 1.06
0.8110996654925545 0.0040544589089491 0.002540301640664121 1.08
0.8342281248495031 0.004178007417509756 0.002696039994281789 1.1
0.8574977631960425 0.004304455716172544 0.0028593489623114283 1.12
0.8801328716248362 0.004433840018743936 0.003024820963030201 1.14
0.9033618045804849 0.004566225660298976 0.0032016488853669283 1.16
0.9260395858820702 0.004701685259300291 0.0033813608512891684 1.18
0.9489053779405681 0.004840264950160391 0.00356990520069204 1.2
0.9715181485656574 0.004982032016255476 0.0037638571318177475 1.22
0.9942348348654823 0.0051270489265649736 0.003966461193699992 1.24
1.0163839555816485 0.005275355813225535 0.004171769046443654 1.26
1.038937686415309 0.005427014916206798 0.004388973578977556 1.28
1.0611547930675915 0.0055821072966070265 0.004611225187786103 1.3
1.0831617295987144 0.005740667305817255 0.0048397856419379595 1.32
1.105135536832208 0.0059027527488087275 0.005076637721398163 1.34
